-23.484716
-19.021209
-13.159718
-11.140348
-19.012933
-19.446229
-11.445790
-8.388390
-12.077389
-15.557721
-20.881511
-22.410028
-16.709613
-20.527221
-21.738197
-21.167829
-18.339393
-19.961854
-20.871797
-20.805841
-17.805776
-12.640415
-16.442607
-22.691646
-8.622886
-20.292892
-11.926211
-23.466873
-19.140132
-17.832536
-28.173515
-14.208948
-20.463588
-19.947969
-24.639095
-17.360916
-24.540510
-19.096372
-25.701717
-14.124800
-21.360067
-21.286586
-18.885927
-17.494546
-16.798818
-17.138582
-19.683141
-14.500386
-22.679508
-12.163384
-10.704467
-19.687707
-19.282596
-15.852573
-13.897784
-15.710215
-20.305475
-17.718029
-20.894954
-10.816717
-16.186073
-17.447772
-14.142186
-16.298089
-12.749564
-20.149869
-13.221203
-19.615150
-15.019118
-11.647850
-12.492774
-12.537241
-18.866199
-17.504898
-15.775074
-17.006872
-14.560117
-19.919797
-18.197162
-13.518930
-14.534356
-19.150774
-17.447961
-12.997536
-24.232784
-14.244369
-19.199668
-19.585603
-13.800642
-17.092254
-16.700189
-11.939247
-16.548610
-14.365981
-9.224680
-19.718761
-12.929594
-24.518445
-19.805028
-13.024141
-19.144935
-26.536327
-27.367216
-17.277332
-28.332057
-22.430383
-17.113119
-22.761812
-23.810331
-14.482782
-23.173709
-19.639720
-18.218379
-21.408803
-22.351539
-18.430459
-18.681520
-25.003910
-20.970060
-18.024723
-15.341053
-20.691688
-22.001094
-14.411931
-8.567393
-9.906665
-17.458187
-14.850329
-24.029317
-18.220901
-19.823547
-12.745945
-18.088897
-19.140508
-15.673253
-18.049116
-25.102828
-18.104667
-16.314043
-17.023868
-13.057083
-20.030797
-19.938158
-19.157478
-11.596835
-14.256794
-17.354301
-12.804891
-17.388280
-11.302136
-19.488901
-20.846317
-15.014564
-16.918867
-11.458725
-15.285081
-15.106601
-16.132602
-17.650228
-12.798405
-14.641621
-21.464599
-14.415746
-18.333822
-18.614847
-17.653999
-14.976459
-15.976562
-14.023681
-18.993581
-20.367313
-15.108827
-22.429418
-19.811927
-19.992893
-17.648994
-9.893510
-13.568109
-12.807698
-12.488247
-20.161685
-17.765710
-22.207790
-18.694023
-17.893024
-15.836833
-14.618437
-17.777843
-22.594123
-19.318122
-14.000137
-20.650598
-15.910165
-20.311664
-12.421998
-12.930584
-13.476903
-21.602647
-20.986673
-21.534107
-17.599576
-19.205150
-16.516407
-16.142534
-28.250341
-19.424558
-18.114864
-20.544073
-17.971557
-20.987785
-22.198417
-20.675725
-16.491098
-20.940013
-19.516769
-18.842950
-18.716711
-20.005937
-18.571115
-22.997625
-19.610624
-14.361078
-20.500349
-14.494401
-17.881719
-18.922660
-15.048437
-18.780839
-17.631492
-21.050636
-15.004646
-11.628848
-14.187189
-14.683347
-13.805020
-13.894791
-20.012699
-8.766266
-13.990921
-12.176722
-13.946912
-16.581468
-17.460042
-21.965887
-18.459823
-18.465311
-18.192281
-16.083889
-16.697034
-16.328449
-16.505973
-19.667518
-17.705078
-22.574481
-22.036289
-20.020748
-22.572593
-21.212183
-12.817738
-14.884841
-23.269632
-12.309086
-21.448123
-17.800045
-21.430034
-19.772224
-26.330284
-15.536372
-22.661079
-16.853626
-21.486890
-17.084838
-27.222455
-19.827985
-19.056463
-22.898902
-15.676463
-20.259967
-23.604852
-17.048486
-15.924366
-19.785953
-20.310499
-25.883111
-16.254486
-20.196050
-18.768892
-16.501930
-20.156915
-17.189512
-18.234205
-9.064874
-22.019762
-19.555673
-24.241748
-17.410337
-14.653311
-20.654346
-18.981056
-19.314193
-27.124162
-17.930343
-26.138957
-19.895090
-15.906463
-13.365371
-18.184251
-16.585031
-22.173931
-13.435671
-18.420825
-22.375694
-22.284545
-16.922904
-21.834318
-23.654285
-20.937820
-25.556400
-18.686843
-20.571283
-22.782108
-17.046987
-19.635334
-21.217165
-17.762964
-16.410358
-14.155715
-18.481712
-21.330467
-12.982803
-20.448354
-21.243646
-19.696447
-18.269790
-21.927164
-19.517732
-23.161245
-17.847105
-19.732799
-13.927469
-15.836956
-23.104593
-19.061016
-18.737485
-14.867104
-17.388486
-18.387224
-20.820213
-19.645549
-11.264653
-19.637931
-21.285238
-16.660085
-22.298578
-15.656584
-16.328882
-20.833622
-16.494691
-23.087604
-16.511949
-14.887328
-17.185499
-18.039812
-15.523832
-15.869196
-16.663942
-13.170720
-14.847184
-13.579545
-17.625978
-19.877958
-20.004329
-11.716944
-16.364412
-21.138971
-13.843311
-25.532794
-20.948837
-23.336389
-19.637582
-21.870960
-19.184291
-10.567323
-17.625028
-19.156309
-24.333484
-21.734022
-20.059213
-12.532742
-15.533144
-16.174686
-18.164665
-14.329165
-18.298440
-13.930642
-21.865261
-14.911847
-22.320644
-15.010333
-16.235509
-11.583533
-20.431024
-22.929342
-32.424507
-13.322694
-18.418577
-16.643754
-16.161237
-17.724121
-14.653751
-19.484182
-17.413162
-17.351333
-22.740406
-14.804491
-20.015195
-15.524255
-17.883008
-20.170124
-19.403387
-19.276002
-15.225307
-15.695064
-16.874258
-17.238569
-20.385591
-24.394386
-17.950944
-19.055826
-18.822870
-24.160474
-15.978515
-19.904041
-17.312320
-22.130535
-19.019704
-18.463663
-18.449726
-16.024030
-17.469253
-21.601484
-21.719091
-13.909283
-18.497446
-15.488578
-16.468521
-21.947237
-22.638008
-15.812668
-18.942297
-20.899921
-21.016403
-15.458602
-20.832469
-23.680933
-18.973945
-21.760892
-14.938596
-18.403781
-15.081841
-16.942764
-15.901360
-20.154336
-15.652586
-20.996168
-17.232904
-10.145335
-12.871483
-14.144338
-15.454888
-10.925591
-23.836746
-19.103502
-16.014289
-20.317289
-27.669389
-20.470153
-20.801349
-14.006397
-19.331888
-20.843685
-13.665881
-14.324227
-19.259332
-21.061861
-13.241744
-20.793003
-13.382319
-17.678243
-24.566341
-19.085239
-20.765346
-10.796137
-19.065494
-11.718994
-19.291202
-14.071216
-20.370153
-16.140510
-21.412105
-15.318492
-17.991085
-17.464056
-14.257223
-18.353372
-16.160169
-15.983565
-24.009057
-18.526351
-19.312376
-23.367893
-18.918890
-21.093423
-19.353250
-17.361164
-14.971263
-14.065313
-19.485036
-18.787586
-16.516996
-22.465301
-15.781536
-12.456865
-17.457424
-15.815932
-25.340766
-19.325386
-16.032649
-13.302136
-14.080009
-22.725719
-17.684749
-18.937345
-20.819992
-14.777995
-21.198074
-16.172643
-21.348424
-17.635137
-20.043287
-23.933454
-18.260782
-22.068624
-19.545959
-19.515651
-13.882782
-17.732563
-23.152040
-18.826898
-20.397079
-17.461229
-17.074069
-17.875158
-19.515979
-17.448774
-22.206913
-19.661727
-27.250307
-23.635969
-16.721118
-12.801351
-18.071615
-17.043132
-17.356536
-23.305427
-21.300365
-20.248338
-13.892678
-17.349687
-14.165715
-19.984367
-14.870078
-17.216838
-14.105353
-18.366489
-21.847343
-24.445854
-19.082977
-21.844097
-16.882860
-16.486999
-21.378404
-18.615942
-21.519371
-24.237775
-18.114170
-22.499208
-21.818447
-26.967823
-23.083457
-14.586438
-23.854347
-17.273345
-17.192300
-18.040107
-12.855840
-17.658674
-21.467468
-13.014689
-23.979127
-18.127985
-18.328865
-18.354528
-22.089014
-17.988473
-19.721679
-20.963478
-23.545936
-20.836057
-10.434325
-19.716047
-20.301561
-13.479095
-16.249897
-14.828222
-15.888320
-20.316574
-17.974317
-15.297909
-17.248874
-18.698726
-18.080307
-18.311948
-24.061218
-16.799837
-17.967992
-19.826028
-21.487251
-23.234298
-18.877727
-23.028667
-14.799434
-23.798181
-20.139318
-19.015207
-12.733174
-10.155834
-15.046548
-14.182501
-17.030509
-14.324192
-17.145812
-22.881055
-24.658144
-22.062059
-18.470165
-16.482614
-15.248986
-22.003532
-14.681393
-18.626722
-21.994192
-13.862693
-15.226541
-15.059172
-15.643534
-18.619575
-16.836916
-13.975928
-18.211097
-17.275085
-16.856584
-18.293888
-20.177558
-17.837146
-17.724750
-18.869489
-14.784750
-21.085762
-18.034280
-16.114933
-19.535730
-17.276300
-19.094009
-16.075115
-20.259832
-20.373111
-16.898290
-18.216257
-24.020401
-20.176319
-13.070908
-22.308868
-20.831262
-23.825298
-16.431064
-15.706138
-15.091582
-14.852202
-13.844123
-21.862958
-23.808204
-18.843168
-21.029602
-15.367765
-16.758272
-21.763532
-16.600530
-12.670727
-23.569000
-14.393260
-19.758132
-21.933017
-11.029311
-16.559822
-23.201540
-19.492897
-14.816909
-18.088935
-21.061061
-21.796747
-15.211796
-13.839022
-19.373271
-19.302251
-15.954770
-13.014578
-19.600309
-20.968965
-14.317451
-12.851285
-19.090221
-14.735277
-12.370029
-12.427012
-14.488367
-18.861721
-11.605716
-16.164060
-20.015394
-23.505243
-17.557418
-19.255289
-19.823371
-14.923242
-21.733755
-18.779321
-21.029914
-20.192276
-18.594640
-15.558175
-19.267654
-18.295534
-17.993045
-19.174150
-18.929330
-18.706914
-14.396489
-17.729297
-14.464689
-11.996274
-15.907889
-16.061939
-18.628446
-17.015541
-17.582834
-16.370340
-14.528408
-20.816663
-18.542549
-18.132017
-14.707195
-17.026914
-24.949943
-19.658918
-18.899471
-17.705022
-16.358547
-22.596052
-16.872734
-19.172252
-18.625360
-22.914564
-19.850959
-20.690214
-15.866298
-18.912670
-16.240715
-17.996707
-15.721549
-19.318229
-17.578266
-16.088033
-14.675933
-11.699919
-24.225145
-11.448196
-9.466757
-16.281221
-19.920124
-15.084877
-12.101041
-18.302595
-15.082163
-12.439725
-14.591107
-20.072675
-19.307264
-20.984243
-18.687110
-14.373412
-16.047788
-14.917330
-13.093015
-12.713527
-20.544694
-18.138504
-22.838407
-20.525434
-16.478345
-27.577608
-18.940135
-16.839014
-20.464519
-20.354999
-17.499790
-15.298189
-13.477342
-14.745038
-17.760627
-25.212760
-16.014549
-16.912187
-15.455366
-24.484085
-18.404741
-17.520999
-15.328437
-19.027662
-14.151423
-13.767367
-14.059871
-19.817289
-24.764165
-16.556434
-19.584793
-28.681341
-21.464141
-14.559537
-13.878115
-15.849383
-18.484367
-12.512036
-13.278368
-16.898386
-17.001396
-20.771106
-17.546434
-18.823257
-12.869846
-17.148809
-15.355345
-15.070837
-15.988489
-19.290357
-13.865901
-19.156888
-12.071537
-20.434122
-16.220861
-17.131490
-16.394556
-11.023622
-17.011287
-14.905443
-15.690930
-17.905000
-16.766725
-15.221781
-20.218147
-11.750701
-15.702816
-17.375211
-16.085548
-13.288476
-17.397281
-24.605430
-16.926750
-18.901706
-9.863237
-15.103178
-13.750845
-16.909519
-23.682577
-25.471395
-18.617755
-18.625106
-14.306695
-18.598167
-14.392915
-14.611872
-23.022554
-16.143949
-11.699717
-16.422859
-16.404882
-18.695444
-22.153732
-21.755067
-20.717401
-19.501111
-19.153192
-25.102289
-13.188253
-15.823079
-15.254136
-25.113143
-23.766212
-17.358140
-14.347336
-14.912777
-16.376235
-16.616323
-14.005729
-14.787223
-14.841889
-12.132843
-15.395381
-21.737667
-22.683340
-18.090700
-15.537138
-15.753752
-15.068161
-10.833546
-20.218715
-17.180727
-19.885927
-18.257831
-18.095647
-15.921874
-16.630573
-23.835603
-13.790515
-20.520341
-18.309053
-14.848201
-9.368509
-8.511850
-18.059000
-13.076107
-18.670248
-15.875707
-18.989419
-15.246216
-10.867525
-15.992020
-14.010761
-14.595162
-16.940338
-19.592802
-15.244987
-12.315082
-16.851991
-16.896301
-15.360801
-21.130693
-18.046504
-18.600635
-22.487411
-17.780672
-23.455419
-17.003936
-18.528156
-20.834192
-15.288112
-20.532182
-15.563309
-22.142503
-24.591806
-16.386493
-17.175868
-23.690471
-19.700696
-12.526939
-20.389062
-20.810537
-19.783922
-28.089981
-13.298139
-18.758482
-23.332069
-19.210130
-19.075580
-19.198320
-15.339695
-15.929021
-13.820324
-14.315139
-17.397375
-19.853311
-9.816916
-17.299037
-18.277439
-15.101917
-18.611881
-19.790279
-18.175691
-19.029996
-13.970369
-18.149124
-11.441174
-15.822731
-21.793006
-15.931902
-18.147260
-20.741445
-22.897947
-21.110370
-20.774288
-16.649730
-18.266645
-13.629401
-17.576913
-20.270887
-12.267583
-15.145225
-19.771884
-19.073173
-17.932802
-23.801464
-18.050373
-20.831661
-18.827789
-15.163411
-15.422995
-15.372455
-16.828151
-14.912744
-14.967926
-11.499407
-12.856726
-13.458085
-19.067323
-15.599639
-12.086314
-19.720983
-11.705139
-20.180639
-23.944105
-17.572349
-10.822896
-12.316449
-12.436986
-16.875087
-18.354782
-17.864631
-14.929905
-16.368377
-17.909019
-17.774683
-17.579734
-18.606241
-22.595502
-17.424963
-23.499223
-19.261907
-22.365150
-19.944141
-14.079008
-11.266572
-16.057655
-16.968128
-19.945346
-16.683015
-17.140346
-20.376495
-16.174949
-13.360834
-16.926210
-16.631212
-19.544384
-18.653806
-13.503454
-19.831056
-20.930402
-16.814691
-20.747314
-19.297098
-17.863811
-13.971333
-19.292396
-19.206571
-17.364255
-15.157799
-19.678291
-22.767484
-18.967502
-14.742589
-21.513629
-24.742532
-21.542152
-17.325544
-23.962211
-22.183412
-17.773511
-15.974677
-18.852893
-25.625680
-17.429372
-19.019479
-22.738174
-21.443161
-14.526126
-17.870481
-16.417760
-17.181644
-14.215456
-16.008888
-18.223711
-20.581918
-21.384750
-12.631631
-15.427545
-18.463306
-15.777161
-16.903091
-18.486537
-16.301008
-22.773773
-17.427547
-19.115522
-18.812395
-18.685304
-11.838454
-17.236841
-17.202190
-14.160239
-16.496559
-12.883564
-16.236284
-17.806386
-17.513290
-19.802198
-16.838974
-16.130340
-21.314517
-17.801313
-21.269445
-21.004442
-19.777252
-13.913893
-23.112880
-24.899034
-14.286079
-16.922637
-19.535295
-18.497116
-19.919557
-19.935379
-17.679599
-19.168863
-17.287860
-11.243275
-21.482996
-17.463201
-15.797638
-18.851589
-18.600912
-17.970014
-23.576871
-14.849247
-19.891223
-16.077726
-16.257831
-21.578004
-16.816864
-20.418989
-20.664234
-21.458271
-17.763790
-16.456026
-15.863817
-18.603246
-18.185037
-14.582333
-18.549528
-12.399907
-15.248968
-16.699434
-20.860540
-17.222423
-13.220189
-16.053483
-19.218849
-20.554384
-27.005321
-16.650238
-19.357933
-22.744606
-21.247535
-21.293397
-17.740562
-22.846485
-18.700450
-17.595441
-18.124723
-16.510892
-20.352069
-18.447153
-15.164400
-14.037320
-25.618930
-17.881694
-17.130743
-17.599651
-14.512357
-15.405540
-13.837858
-22.554216
-16.960479
-17.069269
-22.461843
-17.326648
-22.571306
-10.841345
-24.959405
-15.173073
-18.999815
-19.313112
-18.948421
-19.114753
-18.436296
-20.104085
-16.737741
-24.027599
-23.351451
-28.696142
-19.729570
-13.486207
-18.436023
-13.869169
-15.738330
-16.360672
-13.201653
-16.572357
-20.216861
-12.283762
-18.583833
-20.359041
-20.369863
-15.991099
-21.519716
-21.368341
-16.136194
-17.022975
-18.530485
-12.972849
-15.367281
-21.608856
-15.498264
-18.189102
-22.117134
-17.420970
-15.324917
-17.168191
-18.216096
-15.124761
-17.210239
-12.503157
-13.052506
-13.295536
-16.610015
-17.192113
-17.325304
-28.153726
-19.412939
-15.988363
-23.140165
-24.506679
-15.775396
-12.332632
-12.829789
-14.961188
-12.925754
-16.556356
-13.002326
-15.017539
-15.493823
-18.576240
-20.719284
-17.666744
-16.851974
-17.735315
-17.300977
-18.494659
-19.188219
-16.001007
-19.265075
-22.631174
-19.798109
-18.634588
-17.983209
-14.324951
-12.983967
-18.917467
-18.220186
-17.820053
-17.551675
-17.536747
-19.409029
-15.769357
-22.340009
-23.135280
-19.753543
-22.143342
-16.041257
-15.266474
-18.515760
-12.669762
-20.402315
-19.330959
-15.488122
-20.105030
-10.840312
-17.618238
-18.936115
-16.208124
-20.101526
-20.235198
-19.147460
-19.095773
-16.940706
-21.223728
-20.051214
-20.374116
-16.940467
-18.417369
-19.224351
-15.650514
-16.334352
-13.622645
-23.725881
-24.988790
-18.881460
-22.307758
-13.219416
-22.669866
-16.296489
-16.777404
-14.857888
-12.634655
-21.137254
-16.729015
-21.173490
-17.011711
-23.735019
-19.378316
-20.956983
-22.411329
-21.997636
-20.145912
-19.139499
-16.585912
-15.391168
-22.159719
-17.101669
-22.797609
-13.780295
-17.145277
-20.499462
-15.466541
-17.877330
-13.104230
-17.855386
-14.269896
-19.510732
-14.719071
-19.635149
-19.355550
-23.180686
-15.387852
-16.244077
-21.693061
-20.574941
-16.041666
-15.217103
-19.225357
-16.608278
-15.069016
-17.596349
-20.111686
-18.600832
-19.757022
-19.550334
-16.367052
-21.661863
-13.337369
-16.181808
-13.594782
-17.542451
-11.531630
-13.785949
-22.583316
-16.364763
-12.991299
-17.683227
-12.591272
-21.643226
-17.006238
-18.785394
-18.312984
-20.596931
-19.132654
-18.392013
-20.454166
-19.160552
-21.490100
-14.316971
-12.672503
-11.349130
-12.606799
-21.174798
-17.694772
-16.046672
-18.719385
-16.259788
-19.423200
-20.510717
-18.401235
-19.649314
-19.735303
-18.593299
-15.671928
-17.829763
-20.683774
-20.920145
-19.170751
-11.774648
-17.752922
-16.477933
-17.232177
-16.448389
-18.633485
-18.650293
-13.124571
-10.195240
-17.086725
-19.327980
-10.905892
-15.229050
-20.599731
-16.743221
-17.340408
-20.904787
-14.841430
-17.820285
-18.108562
-18.788003
-19.139951
-20.185602
-16.086885
-16.318122
-17.321901
-19.975889
-10.488480
-24.821292
-17.609346
-19.159919
-19.095283
-18.917432
-19.075450
-15.248095
-17.022920
-17.749013
-19.157173
-11.729652
-12.378835
-14.003990
-19.985752
-18.855777
-15.314282
-19.034069
-13.155500
-20.276367
-14.970276
-16.472627
-15.869351
-15.036891
-16.742767
-19.001804
-14.370725
-18.648138
-18.243364
-15.092051
-16.256532
-25.275976
-25.236665
-21.532835
-16.152217
-18.293184
-16.299211
-15.076625
-17.433736
-21.154619
-16.066995
-19.009389
-16.156604
-15.769301
-16.244262
-22.145086
-16.742877
-19.927730
-12.822613
-20.121448
-21.297664
-22.742614
-19.892292
-20.222305
-22.610673
-19.733209
-19.516319
-16.153074
-16.360599
-23.387996
-21.021703
-20.377386
-26.099832
-14.036046
-21.252351
-21.436538
-15.063382
-17.130908
-15.640281
-16.219995
-16.981472
-18.525341
-23.137668
-17.761428
-17.997736
-15.208324
-18.374746
-17.893268
-14.026941
-14.343516
-18.497365
-19.382387
-16.470909
-13.835191
-15.004456
-11.563207
-16.852445
-17.135522
-12.948867
-15.854630
-9.712358
-12.408258
-13.007948
-16.800293
-13.480816
-11.346958
-17.410373
-14.896436
-19.465692
-17.745985
-9.165085
-19.716764
-16.476097
-16.060039
-15.318984
-15.366680
-23.007389
-19.573905
-14.338998
-17.554014
-22.220174
-17.540008
-21.395292
-17.049819
-18.948253
-17.207380
-20.250276
-14.023519
-17.723005
-15.435543
-11.773932
-17.650785
-12.774944
-16.439363
-13.583893
-17.085769
-14.705599
-19.789674
-20.776466
-24.211200
-11.835477
-17.717130
-20.135030
-18.141824
-22.318744
-12.283670
-16.951452
-16.928909
-19.517772
-14.650822
-14.684401
-23.248622
-19.534565
-20.509578
-28.122617
-13.763813
-18.045848
-26.196065
-23.449663
-22.779161
-15.616254
-19.453327
-20.437860
-16.202508
-15.237676
-16.209085
-18.914714
-19.497596
-14.886356
-17.012500
-21.041568
-22.097225
-18.255727
-13.145168
-22.440528
-12.978377
-18.598506
-18.439479
-15.844721
-14.453492
-13.352376
-18.315061
-15.104979
-10.181324
-11.579593
-17.167900
-11.717730
-22.121034
-19.203781
-19.400970
-15.960392
-17.141073
-18.466703
-16.236719
-24.510538
-22.351921
-20.543958
-15.445405
-17.835443
-18.478002
-21.969186
-19.657035
-23.374380
-21.710725
-16.379060
-16.771177
-16.333129
-16.129941
-19.269550
-23.079875
-18.152790
-19.945938
-20.448492
-17.010829
-21.004581
-18.256053
-16.016841
-18.677553
-14.200433
-17.757286
-19.952631
-19.061820
-14.009324
-16.693927
-19.767358
-20.718013
-23.816761
-21.467569
-14.438104
-16.014053
-19.701683
-20.001890
-15.664385
-22.192710
-15.862922
-16.694139
-20.818365
-17.052183
-16.328369
-16.370756
-21.769578
-16.257776
-16.883699
-26.459201
-19.204006
-17.884296
-15.099793
-18.908752
-20.784320
-17.780139
-14.247211
-23.459888
-18.876838
-24.269348
-22.992134
-19.142709
-20.243747
-22.243499
-16.262609
-14.121726
-22.805194
-28.843824
-16.326530
-18.459386
-16.959445
-18.731863
-16.328876
-17.059459
-16.572393
-19.137825
-15.331563
-13.417081
-19.920024
-27.341739
-15.118346
-21.603240
-20.223358
-18.321170
-20.836008
-12.665893
-13.442540
-19.036663
-15.445205
-15.087809
-24.364934
-16.915290
-15.880920
-18.913934
-12.039534
-16.845943
-16.666721
-13.867858
-14.544503
-17.862930
-16.259889
-24.944461
-16.498777
-19.418706
-17.126382
-21.918830
-16.445663
-16.682769
-17.851947
-9.934506
-12.427229
-17.031181
-15.862682
-19.349552
-17.513494
-14.983383
-19.038545
-20.985572
-16.073850
-17.174629
-18.195684
-17.278736
-14.628441
-20.166063
-18.195329
-11.616336
-13.157129
-16.348526
-15.572693
-16.157917
-20.614358
-16.594438
-12.599487
-12.452641
-18.382371
-23.517623
-14.795894
-16.454038
-20.428291
-15.896408
-16.432746
-18.261127
-16.010000
-14.617080
-15.085568
-15.259760
-16.066541
-13.978737
-22.816608
-12.757665
-20.708696
-17.059637
-16.634357
-14.234542
-18.059589
-17.044095
-20.912012
-12.203517
-11.301359
-19.789325
-15.793299
-16.529939
-18.870264
-22.281629
-13.605254
-17.489370
-15.823628
-18.131599
-16.751382
-16.697359
-18.776838
-17.952238
-17.917852
-17.736471
-18.370992
-18.554758
-20.261241
-19.023916
-16.450214
-15.051861
-12.506570
-18.925876
-15.433654
-19.245452
-16.871423
-16.477518
-14.558108
-19.162996
-24.934223
-21.857429
-22.348831
-19.898515
-17.909658
-16.958393
-13.954004
-19.057426
-19.541347
-19.228075
-21.663961
-21.542425
-16.515800
-17.707897
-20.581970
-20.864458
-14.815418
-26.734111
-21.561319
-17.248813
-13.721564
-19.475568
-18.130376
-18.652523
-17.450880
-16.923399
-15.791384
-18.918012
-16.777606
-20.613882
-18.224657
-16.892337
-16.948852
-14.746373
-17.060796
-20.208509
-19.674762
-16.503030
-27.429374
-10.795127
-14.883862
-16.676645
-18.629896
-18.354291
-17.500244
-20.914506
-19.301643
-20.747493
-18.742046
-12.716547
-17.459238
-12.460999
-19.067541
-21.367296
-15.960599
-24.463928
-15.245025
-16.333480
-18.974784
-17.024818
-16.402158
-20.458265
-16.044794
-16.942966
-15.980687
-19.169744
-21.167015
-18.977493
-18.249139
-22.728040
-14.977096
-17.521207
-13.160278
-16.567781
-11.182050
-12.012978
-21.880334
-13.780725
-17.608049
-14.272117
-18.424888
-16.326328
-20.191793
-12.302549
-15.116467
-20.199668
-14.956307
-16.318071
-19.071344
-16.214519
-12.538660
-18.586933
-15.150001
-15.691688
-15.780094
-10.647806
-14.337694
-18.975811
-12.516654
-14.820190
-18.812971
-20.413921
-20.912256
-18.638818
-16.459213
-16.762868
-19.613769
-19.096204
-17.247638
-21.256397
-22.977056
-19.195045
-21.436992
-15.061579
-21.298664
-19.695276
-15.415167
-13.637769
-21.657892
-18.083023
-13.752266
-15.546720
-11.735572
-11.543964
-15.121559
-20.390043
-15.719817
-13.730696
-21.804929
-22.179187
-15.213838
-21.638881
-14.328046
-19.379789
-18.817274
-16.092065
-16.617090
-17.956728
-20.630798
-21.337913
-15.538253
-19.184505
-18.241567
-18.048812
-21.487258
-19.828554
-11.321420
-17.149044
-16.435628
-16.727745
-21.209884
-20.384149
-21.162988
-18.980253
-14.534688
-19.995695
-18.509056
-19.555522
-16.830989
-20.783931
-20.381299
-16.247241
-19.730081
-13.522954
-16.711809
-19.452198
-15.199043
-12.118868
-16.386262
-12.434184
-14.559037
-11.940188
-16.855781
-18.379293
-18.870676
-24.642326
-22.891204
-17.303157
-16.526550
-18.986465
-19.973897
-17.962223
-17.435401
-14.727711
-11.815526
-21.983514
-16.611207
-17.604637
-16.244962
-18.042367
-24.814460
-18.450626
-21.160755
-23.089088
-16.630222
-16.483385
-19.804153
-19.136772
-13.254407
-19.381353
-17.270954
-20.571172
-19.016111
-15.260815
-8.148444
-19.019569
-15.237728
-20.705884
-15.269803
-21.041364
-20.805791
-18.593095
-19.845140
-19.276546
-17.868877
-16.528051
-16.906553
-18.633520
-18.227617
-19.516622
-14.926787
-20.489162
-23.276620
-20.079786
-18.243528
-18.241168
-15.726990
-17.946392
-14.440159
-22.274013
-13.575735
-20.305231
-17.388248
-15.699223
-13.917157
-26.002309
-16.535421
-14.996148
-16.915683
-19.328575
-18.864698
-15.118285
-20.423620
-13.402972
-17.816907
-19.801965
-13.485044
-12.555130
-20.450660
-20.544147
-20.781307
-22.422725
-21.735704
-18.546926
-18.175092
-16.399530
-19.424333
-20.052974
-19.484926
-14.726215
-16.884601
-16.202428
-15.336890
-19.730808
-14.944854
-21.073400
-16.384082
-14.538762
-17.217449
-18.353935
-15.776502
-15.688139
-16.590370
-11.832827
-20.885656
-17.860300
-12.889720
-15.755335
-13.652127
-14.959477
-14.467144
-13.868587
-13.925711
-13.770830
-17.957756
-15.557092
-12.349984
-18.557457
-16.866664
-18.404361
-15.363550
-17.083858
-19.845291
-17.116439
-16.761198
-17.098608
-22.869598
-18.898906
-22.844688
-13.272331
-20.965175
-12.846460
-20.505580
-13.481995
-17.795461
-14.364968
-16.990554
-12.187443
-12.878161
-11.613261
-18.566299
-14.376345
-13.035563
-14.877306
-26.093896
-17.311113
-9.564467
-16.558746
-19.388196
-12.976543
-17.382408
-20.409940
-16.655670
-18.457145
-18.136539
-26.363803
-21.232202
-15.587285
-20.944915
-14.290799
-17.072280
-17.628494
-20.064416
-18.004135
-17.182466
-19.512134
-18.510124
-18.053853
-22.892532
-21.419536
-17.845409
-22.399921
-14.383527
-18.232948
-20.031927
-16.790529
-16.989967
-16.831476
-16.444494
-11.083635
-19.036937
-19.998315
-15.416131
-20.818952
-18.421211
-18.304918
-22.883174
-23.674881
-24.261234
-20.777721
-15.526540
-22.893228
-20.920072
-18.112949
-19.593059
-18.024120
-14.949663
-15.593050
-26.230623
-20.381938
-16.998174
-19.611587
-12.828641
-17.793226
-17.109371
-16.075647
-20.281450
-15.179081
-17.996654
-22.340250
-19.506454
-16.113668
-12.495193
-20.468704
-15.753573
-14.599668
-15.740266
-14.962711
-18.674798
-25.956247
-22.547317
-20.921758
-15.052598
-15.975025
-25.232131
-22.229761
-16.852048
-16.093896
-18.487989
-20.492439
-14.261572
-10.741642
-18.284828
-17.207483
-17.087345
-17.903362
-22.464040
-15.760280
-19.844600
-20.122879
-22.772003
-16.043693
-20.821840
-16.472656
-12.996305
-14.489314
-22.214576
-18.560718
-22.160717
-13.187590
-16.806921
-13.457500
-18.748432
-16.255727
-11.805548
-23.239536
-19.727254
-20.403135
-20.754240
-19.341798
-19.352832
-22.102397
-18.334220
-19.752021
-23.457319
-11.464736
-22.464801
-19.467731
-19.873245
-18.846740
-14.071975
-15.121339
-14.548166
-18.711479
-17.090076
-17.972822
-14.117444
-15.894112
-19.187778
-24.037778
-23.887804
-18.669109
-15.344293
-22.246963
-17.425731
-17.072736
-21.557683
-17.716604
-16.913066
-26.371391
-22.955215
-23.060396
-14.185613
-15.925611
-14.786741
-18.856004
-17.545587
-18.228887
-19.778949
-21.463426
-17.207925
-16.669750
-14.415621
-18.415782
-20.427440
-13.829571
-14.484564
-12.068036
-17.088945
-20.918022
-20.302236
-19.860727
-17.473779
-19.773656
-17.793758
-11.512351
-16.575279
-17.675336
-16.778493
-11.577432
-19.186759
-19.043205
-13.428567
-14.484230
-14.837677
-19.185665
-16.625825
-18.190277
-7.131127
-26.067710
-19.829830
-18.779830
-23.620866
-17.215898
-16.508123
-17.704292
-17.643121
-17.467760
-21.978347
-20.134014
-24.235757
-23.479661
-21.674158
-16.898548
-16.062234
-13.420300
-17.088151
-20.998279
-21.594770
-17.201778
-21.943157
-25.876285
-19.010959
-24.055051
-16.930349
-15.711000
-18.906244
-19.113855
-16.321947
-17.708631
-16.411432
-25.278266
-14.882341
-17.932931
-17.793666
-15.721318
-16.265266
-17.184484
-23.038066
-28.570987
-28.786611
-18.843805
-20.136505
-10.608726
-15.859242
-22.116477
-14.865394
-16.588100
-19.014768
-13.026156
-22.005195
-22.107337
-22.436080
-24.553854
-16.685445
-20.125574
-17.901641
-21.612409
-24.004814
-23.158330
-26.433837
-21.472444
-18.130373
-16.431207
-16.320804
-22.458099
-20.526529
-20.433023
-15.388660
-21.723709
-13.838064
-24.179407
-17.164157
-23.185728
-10.967324
-16.776695
-14.629244
-17.503932
-11.689225
-19.156448
-24.741262
-16.640634
-15.576433
-19.207553
-25.154504
-26.347845
-18.446859
-19.527185
-21.755035
-21.792161
-21.018415
-21.286563
-24.363481
-15.795747
-15.791755
-19.004686
-19.026063
-18.644277
-16.636514
-17.762662
-23.920299
-20.980657
-16.649547
-20.373104
-23.032384
-20.322879
-15.953525
-22.029743
-16.776771
-13.845962
-21.185056
-15.208224
-15.696069
-16.817430
-15.145737
-13.987438
-19.173124
-20.734695
-17.274389
-15.321276
-14.582447
-12.930680
-13.752779
-15.536365
-19.492385
-23.292314
-17.099294
-16.586143
-19.862907
-15.011525
-19.109127
-14.047442
-20.612426
-16.236562
-17.091333
-16.551702
-13.114116
-14.705153
-18.700849
-16.653200
-14.299654
-17.717527
-22.590230
-22.320236
-15.935514
-18.502956
-19.677629
-20.592556
-20.932006
-20.051225
-20.497104
-17.217897
-15.919318
-16.348312
-10.930862
-20.957105
-14.710201
-16.913904
-16.505416
-17.157341
-19.954423
-13.604857
-10.755128
-20.149791
-17.868633
-18.507783
-13.938724
-16.733655
-16.567190
-16.839960
-16.631788
-13.209316
-18.110818
-19.469352
-14.298692
-20.285068
-19.715374
-20.626993
-16.642051
-17.171615
-15.127997
-17.203439
-19.573942
-14.492588
-22.375179
-16.634429
-17.376010
-18.839866
-17.693382
-15.920400
-17.397443
-16.548732
-15.018205
-15.840479
-17.718692
-12.798448
-21.844310
-21.040683
-14.388291
-15.064236
-18.575046
-24.147563
-16.051067
-17.416643
-22.188114
-21.512729
-20.420101
-23.772144
-28.078676
-21.673091
-21.541404
-22.009666
-17.264234
-15.954202
-16.639574
-18.530542
-16.079380
-14.178753
-17.622131
-13.832358
-15.838887
-18.960594
-18.477066
-18.830808
-17.259853
-21.162488
-18.549642
-18.388607
-23.215644
-21.231418
-21.578893
-16.220127
-22.204408
-18.047533
-24.355583
-18.147737
-18.655180
-17.120800
-21.371770
-21.116197
-18.718378
-17.848554
-16.994442
-20.391984
-22.919668
-17.316392
-21.585279
-14.027035
-19.585922
-20.024717
-24.516870
-20.209920
-19.999210
-13.931783
-15.510212
-16.152471
-22.838039
-18.611446
-18.993244
-17.260854
-23.395494
-18.464603
-20.959812
-15.871272
-14.177175
-10.731792
-18.935077
-17.899732
-22.377168
-21.161018
-14.501561
-17.288450
-19.881687
-15.396697
-20.479242
-21.520000
-18.693096
-14.294825
-27.442279
-24.265460
-15.456454
-22.860799
-8.439195
-17.815216
-16.957170
-23.192472
-19.357631
-22.292793
-19.080720
-17.128746
-14.931995
-20.932289
-15.820385
-14.536230
-18.215766
-16.927595
-19.129934
-15.535467
-13.655952
-15.188348
-12.776662
-20.554967
-21.162828
-17.314275
-14.737195
-17.647840
-22.307704
-13.601094
-17.235328
-11.485658
-19.214916
-20.009120
-23.268213
-16.326662
-17.264249
-25.045557
-18.254978
-18.437864
-19.940485
-16.172111
-11.421097
-8.931684
-8.356682
-16.906143
-14.451803
-18.894088
-20.286020
-19.630273
-16.843435
-16.203723
-23.582841
-20.958837
-15.672878
-16.772731
-21.417671
-16.643823
-18.283693
-21.744289
-20.601718
-14.253361
-16.766344
-21.854627
-21.187608
-15.244614
-20.643476
-16.117210
-19.048963
-20.691671
-18.134830
-19.295797
-16.047435
-19.314659
-18.224555
-16.186477
-17.287567
-21.927904
-19.679525
-18.190389
-18.317516
-24.301544
-22.451877
-23.563577
-14.778501
-21.752553
-14.041547
-18.163663
-18.207809
-15.829161
-19.997922
-19.978422
-19.939262
-17.413808
-19.773838
-20.304275
-22.574918
-20.648183
-21.544376
-19.225395
-15.421390
-19.727689
-14.662440
-19.480999
-17.166334
-18.929615
-23.202640
-23.060760
-19.653141
-21.197374
-17.181028
-20.871252
-19.960044
-21.843986
-17.713489
-13.074172
-24.296888
-21.783508
-21.727355
-19.894537
-16.635036
-12.111372
-22.558181
-18.762226
-20.970645
-19.482576
-24.388633
-16.473241
-13.803830
-18.168949
-18.847417
-22.057014
-22.647159
-18.006366
-18.922176
-18.050052
-14.879326
-19.855400
-15.479699
-18.269937
-17.887332
-14.003435
-18.727848
-12.456402
-18.554369
-17.030553
-12.897128
-17.766096
-13.798341
-22.487735
-13.870635
-22.560930
-13.110964
-22.809385
-12.777379
-19.456459
-18.053781
-22.816883
-15.000683
-16.275329
-20.487367
-14.664412
-23.142501
-12.030789
-12.635710
-21.316337
-11.700882
-15.070593
-15.329079
-17.011051
-18.327260
-18.796421
-19.303333
-18.053886
-20.212064
-18.373327
-27.961801
-20.683162
-22.369512
-21.021781
-19.697561
-18.321165
-22.742969
-15.162714
-14.438790
-19.852979
-15.006367
-15.589462
-7.331399
-18.284418
-20.948064
-13.073682
-21.234752
-22.618047
-17.632030
-19.852819
-19.131662
-14.906304
-22.299249
-14.682404
-25.298492
-20.007875
-19.304019
-12.883048
-25.694789
-13.619996
-20.248254
-16.536968
-15.342272
-13.350643
-15.023791
-20.637605
-15.351665
-11.113210
-13.254566
-9.071960
-20.668811
-20.995843
-21.704015
-20.538240
-28.472696
-17.707632
-13.648304
-12.386558
-18.084672
-21.643625
-20.803932
-24.840471
-15.396836
-15.075540
-19.241453
-15.838110
-15.564504
-17.714859
-21.657926
-16.119649
-24.397920
-19.137468
-20.445234
-22.080316
-15.297048
-16.145610
-20.366815
-19.975872
-16.613670
-12.014895
-17.190687
-19.395858
-20.036848
-24.315862
-16.781785
-20.554431
-17.909149
-19.221899
-17.889745
-14.190685
-21.865371
-14.806644
-16.934312
-16.705930
-16.912754
-17.998086
-19.173322
-17.247337
-12.580218
-15.990158
-22.965316
-20.832292
-16.781963
-20.298273
-19.522296
-22.472490
-23.206754
-19.332483
-19.210845
-21.688667
-24.046903
-22.900697
-18.430664
-14.201181
-14.729223
-16.354984
-22.376754
-13.471637
-10.605490
-16.152090
-16.599569
-16.087799
-11.448104
-12.158829
-20.005470
-16.456825
-20.291736
-25.668308
-21.593439
-14.559783
-17.985963
-10.640648
-17.909166
-22.861887
-15.151428
-12.128530
-11.919674
-15.680909
-19.337221
-9.669981
-7.508492
-9.714481
-18.798654
-16.486024
-20.893890
-18.541666
-12.783232
-13.073764
-15.491648
-10.677475
-12.818882
-18.234518
-13.466804
-14.943106
-11.547312
-10.031332
-17.000762
-19.078590
-15.976767
-17.149345
-15.217031
-19.142572
-15.365214
-15.879448
-14.673367
-15.037796
-20.842460
-14.145114
-14.533925
-19.792140
-16.268985
-19.497301
-13.856591
-11.798988
-20.308475
-23.668571
-23.024215
-20.526142
-16.049413
-17.068864
-14.972097
-21.751319
-21.872989
-19.202884
-15.405076
-17.539833
-26.196962
-14.292822
-18.404041
-16.071887
-15.810421
-17.782173
-17.790824
-16.181877
-16.132148
-10.516454
-19.315271
-21.217313
-15.227040
-13.239495
-18.103612
-18.993909
-22.578199
-14.699033
-24.325620
-18.823785
-13.983308
-15.575440
-16.755922
-15.260637
-12.238046
-17.910005
-14.169663
-21.908521
-19.421304
-16.873333
-15.790318
-19.840824
-15.049933
-18.877033
-24.528770
-9.872824
-14.596291
-18.077686
-17.459444
-23.632768
-20.483749
-19.341333
-15.988910
-13.165393
-18.857503
-17.244287
-18.857234
-18.345840
-19.856275
-18.558139
-14.914682
-17.918254
-17.724842
-17.522584
-17.739868
-20.393425
-16.463750
-18.845035
-15.775632
-20.563888
-16.943195
-14.005611
-13.378231
-15.574295
-18.810394
-15.267687
-12.457531
-14.000367
-4.949955
-18.209367
-15.902901
-15.767281
-20.921405
-21.858890
-17.690177
-18.014781
-18.415903
-17.738487
-16.449264
-15.721679
-14.433123
-21.707403
-15.589494
-22.650686
-23.464488
-13.568659
-17.659116
-20.273721
-21.171457
-14.345297
-17.225198
-15.512519
-19.642053
-15.127696
-16.607019
-10.519411
-14.056207
-15.747637
-14.477907
-16.408018
-13.517905
-22.319564
-16.573568
-19.237501
-18.127225
-22.253877
-13.580117
-19.368778
-18.168151
-12.032635
-16.228666
-15.774935
-16.375793
-16.513135
-14.640640
-18.229597
-14.683805
-11.837180
-16.474044
-15.970903
-13.621546
-13.680452
-13.895249
-19.433425
-19.310310
-15.666439
-13.961665
-20.477739
-18.312374
-16.414833
-15.941424
-17.717474
-12.994236
-19.226694
-19.796304
-15.119274
-18.406709
-16.778911
-21.068130
-13.914545
-13.894755
-13.389884
-15.888943
-18.437280
-14.051223
-16.968437
-13.232419
-14.796804
-13.864339
-15.592741
-16.310813
-22.844652
-14.340715
-12.760142
-21.571895
-17.380285
-20.146617
-23.810840
-14.509309
-21.077610
-19.210388
-16.558523
-18.614412
-15.055400
-23.582601
-18.734750
-21.868974
-17.489641
-22.054941
-19.483640
-15.645473
-12.926249
-18.155227
-21.920293
-14.793346
-13.419583
-16.149801
-16.781728
-15.178354
-19.823471
-15.676804
-18.843116
-21.237024
-19.265886
-21.782602
-22.168079
-23.708839
-20.345218
-23.449012
-19.000986
-16.556352
-14.912722
-20.483552
-20.864379
-17.660696
-24.039951
-19.029344
-17.217100
-21.331398
-27.819976
-16.950794
-19.318902
-20.486000
-21.359865
-27.025777
-20.545314
-25.463981
-22.204475
-19.203575
-20.147655
-21.846511
-15.989069
-22.899341
-14.983544
-15.955705
-22.813564
-10.532677
-15.785211
-15.318868
-14.744361
-19.406839
-20.308471
-14.323767
-20.159994
-20.932504
-21.294536
-14.176438
-22.330026
-24.774076
-20.330129
-21.871925
-15.997771
-15.037270
-16.330854
-18.382698
-19.531412
-19.161235
-17.254371
-19.453811
-14.230168
-14.066797
-17.109872
-15.604344
-17.327520
-17.297885
-22.667177
-18.898222
-16.480381
-12.833824
-10.683644
-20.168321
-16.527336
-21.975151
-15.301671
-13.433958
-16.186088
-14.652058
-16.966327
-16.862756
-21.395803
-15.525386
-15.801456
-17.491342
-17.210596
-13.749973
-17.379869
-16.357688
-16.032958
-16.469024
-15.743808
-12.301257
-14.467514
-18.969894
-16.772535
-19.760547
-17.229789
-19.222381
-18.234766
-18.349180
-19.922290
-15.092343
-14.192276
-11.027479
-13.245661
-12.915102
-19.219244
-24.273910
-16.051109
-22.877176
-19.323364
-17.560396
-17.728218
-20.884016
-15.654552
-24.019277
-22.944572
-23.778261
-15.259881
-17.114330
-21.211248
-22.711122
-15.746148
-15.515535
-14.871412
-21.533668
-16.477106
-16.751928
-15.355791
-15.024244
-20.272817
-22.322214
-16.383226
-22.139047
-19.506746
-25.950012
-14.868452
-22.761360
-18.263240
-21.069768
-18.890989
-22.829143
-18.399059
-16.706405
-15.274667
-16.729303
-17.249195
-25.030698
-21.246152
-23.187286
-20.438394
-24.067512
-22.546697
-19.859134
-19.979822
-15.653972
-15.737281
-8.503692
-15.491959
-14.885566
-21.485315
-17.314731
-20.189638
-15.703909
-20.950725
-18.629291
-18.120916
-15.025544
-17.839324
-19.975988
-16.453458
-12.508457
-15.281610
-10.474656
-16.569696
-23.824371
-19.297512
-12.901131
-20.132780
-21.555490
-13.112896
-21.331712
-20.796337
-22.570648
-25.263925
-20.510889
-19.921216
-21.887844
-16.565895
-18.141519
-19.135742
-23.182104
-19.565996
-18.088581
-19.313192
-18.562814
-17.242298
-14.508092
-14.179180
-11.404882
-15.323969
-17.901895
-12.558712
-17.695558
-20.402601
-16.632894
-16.150341
-16.720342
-15.813901
-17.718017
-14.326540
-23.987396
-19.300701
-16.976751
-21.652044
-15.671497
-17.243986
-17.856679
-19.204917
-15.154851
-20.413101
-16.522369
-15.090747
-22.165071
-21.170307
-17.996990
-18.106508
-18.246147
-17.652984
-19.578317
-23.892942
-19.858451
-13.617965
-16.734003
-21.103393
-18.698171
-19.899370
-19.143856
-15.339045
-22.258741
-14.505417
-15.016665
-17.636524
-19.083381
-22.795049
-14.347383
-22.131933
-17.746536
-17.061145
-21.412441
-16.047485
-16.664064
-15.938610
-23.936702
-17.536104
-18.148693
-13.256125
-14.123180
-19.688552
-24.045429
-15.611012
-19.215698
-19.728582
-16.226081
-24.048631
-23.573373
-18.065725
-15.303641
-22.664056
-15.451432
-17.265831
-18.147682
-16.722293
-17.724021
-16.172754
-18.603681
-16.586866
-19.102622
-9.305539
-22.716129
-16.715524
-19.603355
-20.572532
-20.353721
-17.179040
-23.132928
-21.514331
-17.685863
-10.605829
-22.410139
-20.500701
-19.453969
-11.774133
-19.451591
-23.408563
-13.099828
-15.291949
-22.463785
-18.010543
-23.816600
-17.712516
-18.452194
-17.976770
-16.538263
-18.836412
-11.169139
-15.961544
-22.563751
-17.841621
-9.784428
-18.829778
-17.703758
-18.032804
-13.557701
-18.337991
-11.865360
-17.920261
-13.251138
-15.131961
-17.042915
-17.501165
-12.144864
-15.260386
-22.607391
-16.971700
-16.241847
-16.729333
-17.685138
-17.184352
-15.219565
-18.687282
-12.884448
-15.531645
-19.598043
-12.154044
-18.969301
-19.936347
-16.764106
-19.100196
-12.690734
-10.348052
-19.961284
-14.756611
-21.319814
-20.642339
-18.535165
-21.460659
-21.602434
-23.049678
-18.857902
-14.942340
-17.928022
-14.759866
-17.713567
-16.203294
-15.730558
-21.215835
-11.594998
-21.004755
-21.889913
-23.554580
-19.127065
-22.452905
-24.226322
-19.442443
-17.632696
-19.224735
-19.199687
-20.211685
-21.058189
-24.118381
-16.393922
-17.480373
-18.100631
-17.498178
-14.112218
-12.085671
-11.084211
-10.519871
-15.995291
-22.753368
-20.843694
-21.281860
-16.098236
-15.244292
-19.762990
-21.338535
-9.283058
-11.911420
-18.004093
-22.199943
-19.333457
-15.676624
-19.252513
-18.742960
-23.059720
-17.360036
-20.798263
-18.343923
-14.571035
-22.223634
-19.403526
-17.396375
-15.933322
-18.396598
-15.841108
-17.080579
-20.599342
-19.130313
-25.033407
-18.257772
-16.912515
-24.528032
-16.754142
-25.518838
-22.271413
-21.330936
-22.847650
-25.433612
-15.942294
-17.831350
-14.807921
-14.808321
-12.385392
-19.377767
-20.260280
-14.515495
-15.576707
-19.636312
-16.919496
-13.357190
-21.516204
-17.691942
-24.065973
-17.018796
-21.975332
-13.077341
-17.214899
-20.106994
-16.953557
-21.424570
-18.191812
-21.479133
-17.524721
-24.295812
-19.346681
-14.280868
-14.411071
-13.465108
-18.944280
-17.758203
-15.726674
-22.555027
-18.625944
-16.099290
-10.062314
-14.737289
-22.694646
-17.842098
-15.164196
-18.846080
-19.122541
-24.680776
-17.877422
-16.285856
-13.660406
-15.987952
-14.175663
-22.462833
-11.426557
-12.609339
-23.146051
-17.640075
-13.578160
-23.741012
-21.547723
-14.697905
-18.070760
-22.829494
-17.435129
-15.123434
-19.172243
-22.255903
-17.602268
-18.361894
-18.570821
-21.119707
-19.470520
-13.440351
-17.183286
-10.450026
-13.431732
-15.179928
-16.398908
-16.195486
-18.536340
-12.774074
-17.743328
-23.159059
-17.037294
-14.671592
-22.870996
-22.266973
-18.797046
-19.418481
-25.375980
-15.003150
-18.815168
-15.697896
-16.517539
-18.080949
-16.278785
-18.033355
-17.082586
-22.069875
-13.765060
-15.739702
-17.118686
-14.277503
-13.294668
-15.837776
-11.808697
-19.184148
-15.509751
-20.017066
-12.588455
-21.733709
-13.654089
-20.136611
-20.375768
-14.192594
-19.909956
-17.707847
-16.339839
-18.342220
-16.363014
-18.254655
-21.473836
-17.847106
-16.583807
-19.862253
-20.968139
-18.710233
-24.063049
-10.545459
-17.487966
-17.497255
-22.874914
-16.876024
-9.985530
-16.324253
-19.735338
-18.671436
-22.613952
-20.815980
-18.668279
-16.235618
-19.893011
-17.051040
-20.747228
-15.301172
-14.952825
-18.781391
-11.735816
-13.354152
-16.122804
-11.289494
-16.516517
-18.392000
-13.410864
-17.252296
-15.604505
-16.821430
-17.914083
-18.943361
-19.641157
-15.997779
-19.901639
-17.897153
-19.825960
-18.705602
-16.753896
-13.506659
-18.263330
-15.364976
-17.262800
-12.058875
-12.198849
-9.805558
-16.567552
-18.378812
-18.205385
-15.272124
-18.655262
-12.952137
-14.082428
-11.780934
-14.180155
-12.686245
-19.300354
-18.313070
-17.540226
-17.257268
-20.242214
-17.299314
-16.633852
-20.590320
-19.028854
-13.219189
-15.821356
-12.129837
-18.909595
-18.501417
-16.143207
-16.183364
-16.183187
-17.849916
-15.431906
-19.869436
-23.665895
-19.134458
-16.213272
-22.323221
-17.465703
-15.497153
-15.958555
-16.215904
-24.037717
-17.210018
-17.083177
-19.925481
-20.388080
-18.332418
-15.376833
-18.486816
-17.555217
-19.772247
-22.601621
-16.714321
-17.689371
-14.495843
-17.206535
-9.527348
-12.828852
-22.058450
-13.670091
-11.285652
-22.159017
-18.111816
-16.232000
-19.987188
-20.131544
-16.077085
-16.205568
-16.652521
-20.232872
-16.041658
-17.496538
-20.432422
-22.295112
-20.561149
-17.838991
-17.799711
-15.645053
-16.893926
-13.626326
-14.061631
-11.304739
-25.689880
-19.344701
-20.858892
-22.306505
-19.912820
-18.875825
-12.647023
-22.531871
-19.542654
-18.603809
-21.178571
-22.147928
-16.129167
-22.093900
-20.309167
-18.614513
-12.015453
-17.523551
-18.267480
-21.526079
-19.958478
-22.287441
-17.862855
-26.918609
-13.981720
-21.280910
-20.250905
-20.075441
-19.980953
-17.601917
-20.928051
-21.734870
-16.146188
-15.957423
-15.899115
-16.984052
-19.923233
-20.396839
-13.662299
-19.455204
-22.863695
-17.409439
-18.121004
-24.299440
-20.088438
-19.405988
-14.457466
-16.967391
-21.973228
-23.037702
-18.323694
-19.544599
-18.514654
-13.711797
-16.889333
-20.551073
-19.157684
-14.374433
-16.121673
-21.993057
-23.507171
-20.107780
-18.447893
-21.912948
-19.300779
-18.304649
-21.490556
-16.937788
-17.259952
-17.529203
-12.792662
-13.244270
-15.632020
-29.376377
-20.718668
-17.404722
-11.217208
-21.087921
-22.178491
-22.874897
-11.313372
-24.076732
-18.809648
-14.624371
-27.883136
-15.188763
-18.941808
-20.069377
-18.228940
-20.939842
-18.868869
-17.689788
-22.372510
-23.422039
-12.671395
-18.245838
-17.115337
-20.266431
-25.520511
-21.373435
-21.697713
-18.468441
-19.775247
-23.128419
-16.447807
-10.726048
-13.020787
-14.729908
-20.696836
-16.860878
-18.671983
-23.911537
-21.864898
-19.329807
-19.496675
-21.075332
-14.935931
-18.467493
-24.030359
-19.984317
-17.639509
-14.809803
-15.885342
-27.859725
-23.478479
-22.744247
-19.073200
-20.454828
-12.724979
-19.822387
-18.191301
-15.655344
-14.456502
-17.947935
-18.475692
-14.369994
-20.347734
-20.588043
-23.063352
-21.542314
-16.711538
-19.521144
-20.004404
-20.448955
-18.473449
-16.450452
-13.837500
-15.937815
-16.373394
-17.339633
-17.985033
-16.246814
-22.618455
-17.352249
-17.324140
-26.663309
-16.157222
-13.662231
-17.901809
-19.604932
-19.863912
-16.950254
-24.364828
-19.836627
-16.636121
-14.246192
-20.442640
-15.345490
-21.646558
-21.731132
-20.460990
-19.901260
-22.394735
-10.696027
-12.510487
-23.424083
-18.478895
-20.389198
-14.231032
-15.712450
-14.207347
-17.610528
-18.968793
-18.891597
-20.144176
-14.877270
-21.457262
-20.659065
-23.479949
-27.506708
-17.531791
-17.791749
-19.902530
-16.976833
-21.993707
-19.616033
-12.820364
-22.336116
-19.785762
-22.519363
-17.160646
-22.497190
-21.731357
-19.602935
-15.060271
-18.603111
-15.603984
-21.954525
-11.980856
-14.737847
-12.978591
-18.721336
-17.409637
-19.513004
-11.793739
-20.917125
-19.847070
-18.155275
-20.697732
-24.645206
-18.140419
-19.575925
-22.159835
-16.483600
-15.813729
-12.242342
-14.848611
-16.282497
-14.925092
-11.615465
-14.109086
-14.395742
-17.468015
-13.990927
-12.702498
-12.750947
-15.020128
-17.164134
-18.695640
-17.421024
-16.984514
-19.285240
-15.601985
-17.758796
-19.548116
-17.740428
-22.238695
-15.559818
-15.334806
-22.199356
-14.714280
-22.134162
-21.204109
-15.238676
-12.542574
-16.053125
-20.688463
-14.283066
-21.803564
-16.175663
-21.847511
-15.226937
-19.915029
-16.390293
-16.315963
-18.181238
-24.002706
-17.508974
-15.071839
-16.996732
-19.075639
-14.355521
-21.759334
-22.086492
-23.236230
-25.475196
-16.149429
-17.097490
-10.628220
-17.043909
-18.977165
-19.233268
-13.719699
-16.788644
-15.986046
-15.832654
-13.496531
-15.085417
-21.482042
-16.130811
-15.063598
-18.302310
-17.530529
-14.986674
-13.487191
-13.864787
-18.685831
-16.895347
-20.179115
-15.212587
-18.010255
-21.587764
-18.721021
-24.590879
-18.554475
-26.005868
-14.901969
-18.345922
-26.215700
-19.337608
-21.964048
-25.960010
-24.326540
-23.821125
-26.585720
-18.131549
-22.477441
-16.118469
-16.046976
-17.502311
-20.957969
-21.290843
-13.985787
-15.150950
-21.413291
-15.604470
-18.810598
-22.383020
-15.393013
-16.729089
-19.072381
-11.320490
-10.712928
-20.103767
-21.417942
-15.325148
-18.813392
-16.235052
-21.563110
-22.067602
-16.620691
-15.902806
-16.376312
-17.153764
-19.556478
-19.303543
-21.315032
-18.130298
-23.624664
-19.841648
-16.160184
-24.570093
-19.006874
-16.388242
-17.483346
-21.630146
-13.100489
-17.809114
-12.360036
-17.576391
-22.417566
-16.265342
-24.048294
-21.153793
-20.852962
-23.257728
-13.708521
-23.320411
-16.986806
-17.735294
-17.487985
-20.446891
-15.872584
-15.149490
-13.508829
-15.644221
-13.573921
-17.060180
-17.641071
-17.347309
-16.353519
-21.612243
-12.392603
-18.544334
-14.411381
-15.044795
-19.744792
-14.901734
-19.008029
-17.245693
-18.905532
-16.843145
-13.764177
-19.733131
-20.642334
-17.336317
-20.565458
-19.866851
-19.669349
-22.841529
-16.379249
-14.355270
-16.452636
-14.231723
-15.440039
-14.047062
-15.382890
-13.256097
-19.597219
-15.861430
-24.079240
-20.751197
-16.968112
-19.815755
-15.386829
-16.526962
-21.291017
-21.895761
-20.616272
-21.315200
-21.704042
-18.114778
-21.006389
-17.161302
-23.634418
-15.190827
-11.797517
-22.026939
-14.658192
-16.815252
-12.589942
-19.813732
-16.056041
-12.163993
-14.970385
-16.049863
-22.366022
-18.255638
-19.287807
-17.187366
-16.549095
-6.319821
-21.238027
-13.268184
-14.651273
-10.036353
-13.070791
-22.965726
-10.553337
-20.858955
-19.470104
-16.654369
-13.404812
-11.970274
-9.284456
-15.135922
-12.168180
-15.546660
-10.016941
-18.316177
-13.691802
-19.611629
-22.291280
-21.749855
-16.677429
-16.969080
-14.591908
-22.819749
-23.625412
-16.616088
-19.195024
-20.427555
-20.735818
-17.580484
-20.142803
-15.740577
-16.402643
-15.215279
-15.581875
-15.233189
-19.000314
-18.276731
-20.777542
-17.475774
-14.485227
-20.861677
-13.748345
-11.332990
-19.506269
-11.899360
-15.059131
-21.675209
-23.215909
-17.066028
-15.122186
-13.610663
-15.044214
-18.014543
-11.052783
-23.741138
-24.287647
-13.394294
-14.325114
-16.279685
-16.057872
-23.209465
-12.110466
-15.037332
-18.910314
-13.075384
-19.269357
-16.265071
-22.644811
-16.612598
-19.221590
-18.988771
-18.732099
-16.209642
-21.883859
-18.500055
-18.907968
-24.021080
-15.485579
-18.221630
-21.867515
-14.855727
-19.422309
-15.328644
-13.348079
-15.896923
-14.374714
-12.256860
-15.444690
-12.051214
-14.048209
-18.274379
-14.415560
-13.796974
-17.652002
-18.906829
-18.978237
-21.099658
-12.975777
-19.594898
-18.359012
-16.707403
-16.655033
-17.213554
-16.218503
-23.701347
-20.613138
-20.369344
-21.333959
-15.164315
-21.212547
-17.229330
-17.520368
-15.880205
-24.039472
-18.522607
-18.734743
-23.138666
-10.953647
-14.606551
-22.219129
-21.106000
-23.323169
-18.219367
-19.874855
-17.614065
-18.567750
-20.036645
-17.659551
-23.702367
-21.668935
-12.656139
-17.008825
-14.357575
-13.116258
-15.343218
-21.510349
-22.431175
-13.699263
-14.395442
-18.464588
-20.890571
-17.778001
-18.670581
-9.541171
-23.501182
-11.004897
-23.210250
-10.957965
-20.555450
-19.110492
-12.911555
-18.758777
-30.350967
-16.558937
-14.137478
-15.426851
-16.056594
-23.703535
-14.455646
-18.020147
-18.515762
-16.614513
-15.351844
-17.145633
-18.297258
-14.590313
-19.699975
-24.098627
-22.231983
-16.227727
-16.200075
-13.015826
-21.417762
-17.732730
-17.361375
-16.803064
-15.162041
-16.796796
-14.826802
-20.518692
-10.882060
-12.207280
-17.340694
-17.556003
-16.866907
-14.924850
-18.617061
-16.725149
-18.410127
-14.820782
-14.701561
-16.781522
-15.248867
-12.297414
-14.512426
-17.987989
-18.990488
-21.694997
-16.908147
-17.121374
-23.477460
-18.950014
-15.329933
-13.247417
-17.820648
-15.473354
-18.471828
-18.819618
-23.309167
-18.039167
-18.938678
-19.011537
-18.647388
-16.019237
-13.826281
-14.081675
-12.697320
-24.548881
-20.099086
-13.683032
-21.410209
-21.227153
-16.997062
-14.942694
-19.307464
-23.526371
-20.387359
-14.245141
-17.493619
-21.959333
-19.198657
-23.582902
-18.142568
-13.855109
-11.511298
-15.328284
-15.319738
-17.580183
-15.935685
-17.332677
-16.371189
-18.282310
-16.709352
-21.071344
-13.829713
-17.538574
-16.420663
-8.491281
-19.175806
-18.751190
-16.965412
-21.329360
-23.280681
-17.690830
-17.276483
-19.918350
-17.599922
-21.660604
-16.019069
-16.156639
-19.491645
-21.743089
-17.854906
-23.542881
-25.272016
-12.927582
-18.206851
-17.214242
-20.637363
-19.539133
-15.979537
-18.955318
-17.320253
-25.505641
-18.882459
-19.239160
-18.545200
-21.487295
-19.095947
-24.043052
-17.320436
-14.322598
-16.653667
-9.304329
-14.158962
-15.761316
-14.163892
-16.433250
-20.228637
-17.093944
-17.069421
-18.574230
-10.039293
-12.639443
-16.503465
-12.993758
-18.607917
-16.290500
-12.020581
-18.058341
-17.949111
-16.379913
-14.404851
-17.004701
-19.269250
-16.229953
-14.436162
-18.368013
-17.187484
-17.319187
-12.267855
-15.477224
-19.840549
-10.578054
-16.855676
-21.835634
-18.054544
-13.549198
-23.063179
-17.725894
-11.957161
-14.744110
-14.804817
-14.763721
-17.784164
-14.850949
-13.326428
-15.773803
-18.547742
-17.655799
-16.209812
-19.919309
-21.254047
-16.953577
-11.708782
-13.047944
-15.172692
-14.729338
-15.647661
-20.789884
-16.919723
-16.464918
-11.529629
-14.590152
-18.073070
-19.082717
-15.509886
-17.720497
-20.301397
-10.418210
-19.411020
-21.997751
-11.409676
-12.801998
-10.483746
-19.059822
-12.274074
-13.229492
-15.405457
-22.026620
-16.294525
-14.121085
-19.038091
-18.199419
-17.913362
-21.852020
-26.870348
-19.552146
-22.483524
-25.290176
-26.496274
-20.860433
-19.841636
-18.969303
-21.944236
-18.787488
-17.891029
-20.445711
-23.031440
-26.146038
-23.757503
-18.247800
-14.430671
-15.931827
-15.080107
-20.401109
-19.268966
-16.591783
-17.698808
-17.814479
-12.280264
-15.422820
-15.050693
-11.528536
-18.367063
-19.012626
-20.218141
-12.702734
-14.115549
-15.574558
-14.550124
-20.496835
-14.831927
-15.983915
-14.789328
-18.657320
-11.383822
-11.464488
-10.783784
-14.371030
-21.551837
-16.782453
-21.073451
-21.557970
-14.688074
-16.879938
-19.679004
-17.183860
-18.584869
-21.800827
-21.286048
-13.914671
-19.791851
-18.038366
-20.638055
-18.844976
-11.621753
-19.961065
-15.826131
-18.361806
-10.131343
-10.182364
-12.174196
-12.351839
-22.234592
-22.478723
-18.135410
-16.901317
-18.444080
-20.390686
-15.773897
-22.176832
-18.392251
-16.414863
-18.118780
-22.352354
-18.741142
-22.166753
-20.252559
-24.085412
-20.886520
-13.166989
-18.556285
-13.991416
-21.548229
-16.142957
-13.948292
-16.771154
-14.699884
-15.271224
-16.932930
-16.762626
-19.126428
-17.736032
-13.117669
-23.806682
-18.323780
-15.293337
-15.329864
-19.045560
-18.469871
-20.836296
-24.996736
-12.689275
-13.758673
-19.617784
-17.489782
-23.449766
-13.600751
-25.127099
-19.346038
-13.993411
-18.369907
-18.040687
-17.508451
-13.256316
-21.855678
-17.077335
-15.998647
-11.523120
-17.344375
-16.439390
-22.805267
-21.153049
-18.974397
-13.027820
-18.750164
-18.071533
-20.127824
-16.862352
-14.993504
-21.837259
-18.578594
-17.464431
-12.633428
-16.235675
-17.561677
-15.998652
-18.254703
-18.315923
-13.231679
-18.340961
-20.334930
-17.355802
-18.748586
-19.839984
-19.812656
-20.941045
-15.911521
-21.058973
-12.344718
-22.041067
-9.459896
-10.411526
-16.034564
-12.401024
-15.616138
-20.681163
-13.921048
-13.167030
-15.199381
-13.885789
-21.908334
-19.493694
-18.843336
-23.255437
-20.951450
-20.740352
-18.120838
-14.574237
-16.671178
-21.360679
-19.169805
-18.314857
-17.478956
-17.039470
-15.719036
-14.914045
-16.104660
-22.630058
-17.487113
-21.377157
-18.965042
-16.657346
-16.929176
-15.208894
-21.678962
-17.842748
-20.429935
-20.555721
-18.633558
-17.362806
-15.003042
-17.469417
-19.439184
-12.332690
-15.640883
-16.568384
-21.385015
-23.537128
-12.266798
-16.806179
-15.062745
-19.006431
-18.821964
-21.567201
-21.223470
-20.367448
-20.810928
-19.055284
-18.523227
-22.608642
-18.141189
-20.563684
-18.246688
-25.158519
-23.681818
-16.346469
-17.929231
-21.803474
-22.389425
-18.978595
-18.972309
-16.899717
-18.051124
-19.584892
-21.628858
-18.483446
-20.670665
-17.669498
-16.173791
-13.660379
-21.850118
-25.741392
-21.716247
-17.309272
-21.646383
-19.743518
-24.959678
-22.121799
-14.062762
-16.174947
-14.731636
-11.589838
-16.009080
-16.589399
-24.122848
-24.299156
-20.890886
-16.747926
-20.005199
-14.821607
-21.806167
-19.596443
-20.484407
-19.545446
-16.331632
-15.573023
-15.076470
-20.860071
-14.796265
-17.321216
-14.831717
-20.185310
-14.661778
-22.377975
-13.432524
-19.054040
-16.360466
-14.887041
-15.545802
-21.267261
-17.357334
-22.148328
-14.911832
-19.473943
-24.092700
-12.367872
-19.879043
-15.671422
-21.069244
-23.312072
-19.077325
-15.441265
-17.736537
-16.402923
-14.768412
-20.620004
-18.637270
-23.749835
-17.256782
-15.280185
-12.029892
-13.606459
-20.245422
-15.848354
-22.398923
-20.935020
-18.271379
-18.314186
-18.565231
-15.180665
-13.400909
-17.344724
-18.928527
-19.872114
-16.400306
-18.939197
-17.436277
-18.186515
-15.857914
-23.291709
-17.579322
-21.590744
-10.904231
-23.232112
-19.993375
-17.883243
-20.004285
-18.612825
-19.943344
-18.168180
-13.903993
-22.066200
-17.596668
-20.050382
-14.635838
-21.349590
-17.612331
-16.643449
-20.897611
-17.316926
-21.436531
-16.400815
-21.341367
-15.744157
-16.476209
-17.026170
-19.440687
-15.059643
-22.332138
-25.306772
-20.832180
-24.159938
-18.750192
-18.359674
-17.617515
-26.131875
-27.542585
-16.648923
-20.898468
-21.814975
-21.900947
-25.943367
-20.277044
-21.243438
-21.525362
-18.123287
-17.986038
-16.843170
-12.639194
-19.378889
-22.064794
-22.727745
-18.547689
-21.325876
-20.454454
-20.770977
-19.717287
-18.040576
-20.314939
-20.640424
-21.799472
-20.741472
-17.278329
-17.392410
-11.326108
-16.816177
-26.178867
-17.832555
-16.138410
-12.396429
-15.992138
-16.984531
-16.082172
-15.983383
-17.623207
-21.983667
-14.340369
-13.947921
-15.125888
-15.967188
-12.854877
-16.777694
-12.645326
-15.945563
-22.965448
-11.445847
-17.590370
-17.482826
-18.752605
-18.131801
-17.851978
-17.354419
-16.539758
-17.330665
-17.661335
-18.529556
-16.076284
-11.642986
-16.592580
-14.097368
-17.650295
-18.081125
-21.651344
-17.408176
-18.823785
-19.392639
-18.967309
-16.818874
-22.457159
-20.222263
-21.384796
-19.654176
-18.814384
-16.239645
-23.515777
-29.198469
-18.429557
-16.554153
-14.345534
-24.304554
-20.155412
-21.160558
-18.951978
-19.994918
-15.848756
-21.957536
-21.193061
-15.170261
-23.713565
-20.297534
-16.156667
-18.618896
-25.918767
-20.019817
-16.075475
-16.707099
-24.862901
-18.729080
-16.083284
-18.585006
-21.907264
-15.105660
-23.606966
-20.293939
-18.218473
-17.274808
-16.893894
-21.162416
-19.136264
-17.800964
-17.329595
-12.941417
-21.880632
-18.701612
-18.372722
-17.974569
-14.365830
-22.893491
-19.364868
-19.302631
-18.974575
-26.100685
-20.548360
-17.608119
-21.204156
-17.212940
-16.216249
-22.218328
-14.544451
-14.073389
-19.238395
-25.150871
-17.082448
-14.395860
-16.081577
-22.819080
-15.840595
-22.029237
-18.390968
-15.300400
-17.826372
-20.324821
-13.954750
-14.383266
-20.188125
-20.865125
-18.686212
-15.283751
-13.219469
-18.849645
-21.805847
-20.548498
-17.700914
-21.584407
-18.194597
-16.481790
-22.718235
-22.748817
-22.317121
-17.365463
-19.371013
-18.432788
-15.209295
-11.536066
-20.880342
-10.041472
-14.176527
-16.603826
-15.841233
-24.406208
-12.625422
-10.258593
-12.468688
-16.228376
-17.119100
-15.821796
-16.480146
-16.015483
-11.385464
-18.028430
-13.983941
-19.220664
-15.818333
-13.765487
-20.917034
-17.428142
-18.165584
-18.812837
-17.455585
-13.413836
-17.740255
-21.804306
-24.715971
-15.295166
-16.992687
-16.246988
-22.829980
-18.609237
-13.738057
-19.950096
-16.515710
-22.726911
-18.572460
-23.310686
-15.017188
-17.328157
-19.053264
-16.941652
-13.623053
-19.470973
-14.902125
-12.885643
-21.126911
-20.551197
-18.864175
-22.268413
-18.612661
-20.855762
-19.798048
-23.230920
-14.853587
-17.755477
-22.441263
-20.194385
-17.140029
-19.059284
-17.214012
-18.789276
-20.990131
-19.617933
-15.773166
-13.010018
-17.961519
-16.636041
-12.033358
-18.740764
-15.844594
-8.889469
-21.092916
-21.531631
-16.288734
-19.303730
-20.111793
-11.151891
-16.259227
-14.952030
-11.314935
-16.420406
-11.287892
-19.639196
-13.815403
-15.044619
-21.562084
-23.815580
-22.454662
-19.437082
-19.004383
-15.402853
-19.739807
-20.320240
-21.669563
-21.175498
-20.821140
-19.716396
-14.261525
-15.341600
-23.980503
-22.839643
-14.905537
-16.546964
-26.674079
-17.992466
-15.177284
-17.137437
-23.961334
-17.622045
-26.272489
-19.348371
-19.227428
-19.744106
-21.042629
-21.862340
-18.801130
-19.695844
-14.368636
-12.327738
-18.968227
-24.025890
-22.019075
-15.525545
-11.932237
-20.344493
-25.407955
-24.867851
-18.571491
-15.235028
-23.369079
-21.288131
-9.498391
-19.986106
-18.300790
-20.552747
-13.803986
-16.020345
-17.422292
-17.677530
-21.132432
-13.601049
-16.627685
-18.285480
-12.917456
-18.254188
-13.086180
-14.855611
-20.401630
-17.737920
-15.867419
-16.092046
-14.796115
-13.030843
-13.757189
-18.454349
-16.389795
-16.939270
-12.367143
-20.682384
-17.125791
-22.198352
-17.305009
-19.703815
-17.309314
-22.572029
-18.349250
-18.634082
-9.994412
-23.202648
-15.562104
-14.531032
-26.773769
-22.308792
-21.598623
-23.584554
-21.988632
-17.416372
-22.546678
-23.531257
-18.561800
-20.642927
-14.238523
-23.555091
-16.944475
-19.573764
-20.317550
-21.267711
-15.566749
-19.707410
-14.615459
-15.549916
-16.064020
-18.391180
-22.350715
-15.293229
-20.825622
-19.688100
-18.371091
-15.057452
-17.162586
-19.703424
-20.807418
-22.110473
-14.008555
-23.157085
-16.841087
-16.167840
-13.125169
-18.505332
-22.926906
-16.361661
-19.400007
-14.070545
-13.840289
-20.572069
-16.400592
-20.861583
-19.083864
-15.938937
-13.413765
-14.354957
-20.010791
-21.801673
-22.407445
-21.852067
-12.794234
-20.553417
-17.656143
-23.846958
-18.562326
-20.817003
-19.035861
-19.814611
-20.005863
-18.752986
-17.897211
-12.873920
-16.776187
-18.905452
-12.093538
-13.442418
-19.065700
-16.901817
-17.541627
-13.683374
-15.129709
-21.566642
-22.057405
-15.571961
-13.367242
-14.569865
-16.697555
-20.557312
-17.176891
-15.643551
-12.875704
-14.569812
-17.828220
-16.070148
-15.976170
-15.203597
-21.635686
-19.950271
-21.232614
-15.854805
-15.164169
-17.768648
-9.338769
-17.640329
-19.841138
-14.549999
-11.153988
-19.301605
-20.409986
-20.662189
-23.374124
-19.979154
-17.819833
-22.442516
-21.718469
-12.095740
-14.963808
-16.989831
-18.552318
-26.853731
-13.999790
-9.790837
-20.756538
-14.213920
-19.950534
-16.353376
-18.917823
-14.570353
-22.342519
-19.893264
-17.114418
-17.635204
-20.655071
-13.266134
-19.085899
-25.815345
-19.069971
-13.580639
-21.473577
-15.411211
-20.194505
-17.537244
-13.634541
-18.076400
-24.514663
-19.929689
-23.887741
-15.785583
-18.892410
-22.757186
-16.860992
-17.149236
-16.883199
-25.089857
-21.708179
-17.254686
-19.868015
-18.396457
-21.676586
-14.229469
-15.737783
-21.373971
-16.074573
-18.495677
-18.059434
-14.975982
-29.128639
-18.377506
-24.453199
-17.917102
-18.624443
-17.823345
-9.980988
-11.863188
-17.545518
-16.478975
-12.664467
-11.288281
-12.503620
-19.340858
-16.303932
-18.458320
-12.738342
-15.631367
-26.967668
-20.097667
-19.714891
-16.124710
-14.597543
-19.503147
-17.175580
-16.731113
-15.014351
-15.790967
-12.966954
-21.805063
-20.683139
-11.552101
-17.057521
-17.420249
-18.000308
-14.612205
-23.394069
-19.321632
-21.742654
-19.871734
-21.302005
-18.378303
-25.094984
-17.855838
-11.683340
-12.437985
-14.823979
-12.646113
-12.745933
-11.152520
-12.525312
-15.157871
-13.283555
-14.616688
-14.567785
-18.033559
-15.060070
-12.765366
-11.807672
-16.195755
-15.903671
-12.905053
-12.461064
-14.750678
-18.139089
-11.646079
-14.756699
-17.037975
-16.018949
-13.194994
-15.687736
-21.834116
-14.156429
-10.469835
-18.962457
-13.132543
-9.285722
-17.438373
-21.712984
-17.646150
-20.309400
-21.063093
-21.707260
-15.025575
-27.035579
-16.250953
-25.383226
-21.636188
-23.063304
-18.544752
-24.004440
-9.261634
-23.220396
-17.509912
-19.668991
-12.478969
-7.473494
-16.750307
-12.743529
-16.541687
-18.418220
-19.179407
-14.590525
-17.219369
-19.260379
-15.384095
-16.035715
-20.713527
-19.355081
-22.318117
-15.100523
-15.320091
-22.825300
-23.633834
-21.622583
-18.502826
-18.366073
-21.884784
-19.827611
-17.288496
-20.384977
-22.435684
-17.246799
-18.538766
-15.774380
-20.601160
-20.554513
-15.990402
-25.110574
-16.382055
-19.663553
-17.042774
-20.218130
-15.537747
-14.182415
-16.882127
-17.105154
-17.502548
-20.306789
-15.691062
-18.157650
-16.065311
-14.781310
-12.525842
-23.346389
-18.331771
-13.967321
-17.125457
-16.412128
-17.507207
-17.444305
-23.384824
-17.384813
-17.290489
-17.329086
-21.423883
-12.210457
-16.066808
-18.451976
-10.141329
-10.064843
-16.120132
-11.899070
-16.370449
-21.032463
-16.055660
-16.369840
-18.360591
-13.885169
-12.073338
-14.636472
-12.574192
-24.317611
-14.244722
-22.290981
-23.122398
-19.501560
-12.720367
-17.310342
-20.151208
-18.583377
-16.761976
-13.961299
-16.776651
-18.874752
-22.139694
-17.784334
-19.913784
-17.398414
-17.827623
-18.536167
-17.313911
-20.396917
-17.643529
-18.886436
-20.481958
-17.928850
-16.328969
-16.130023
-14.458948
-14.546602
-18.731853
-18.181146
-14.308807
-20.543701
-16.286100
-18.359590
-18.894544
-22.245244
-18.099575
-17.857399
-17.496702
-22.150384
-22.126249
-22.102693
-20.160846
-17.861219
-15.893579
-13.476482
-15.417902
-18.596622
-18.858861
-16.741127
-21.661798
-17.469329
-19.046741
-22.480848
-22.382623
-14.779710
-17.860868
-19.148391
-13.662780
-21.386625
-17.558393
-18.032955
-23.651063
-13.205644
-14.431283
-16.146717
-17.015674
-17.621458
-20.052350
-18.091354
-16.757350
-14.467206
-11.753886
-15.697801
-12.246164
-16.887718
-15.245494
-17.313423
-15.455085
-21.440374
-15.175457
-13.286885
-17.920082
-19.050226
-18.567150
-22.843198
-22.520475
-14.398443
-20.840644
-17.033359
-14.983769
-19.531641
-17.388925
-17.937276
-20.044994
-19.031965
-16.932313
-21.722934
-14.122809
-20.859256
-23.678337
-13.735721
-17.085060
-18.375329
-17.907545
-14.642602
-19.884191
-18.527269
-22.142820
-18.614084
-16.324510
-16.459129
-16.089246
-16.252260
-19.616329
-19.931751
-17.466751
-20.951484
-9.832317
-23.379112
-20.224084
-20.504674
-21.330244
-18.557374
-16.544637
-19.810754
-19.210807
-18.940162
-19.678094
-17.492872
-13.680744
-11.752535
-16.935550
-16.253427
-13.165608
-11.565290
-17.208627
-14.950860
-10.962240
-16.259719
-10.979595
-9.590465
-22.896690
-24.569433
-23.332756
-22.929710
-16.667007
-20.022958
-15.961654
-18.929039
-17.245229
-20.381378
-16.358406
-20.266809
-20.691461
-22.995565
-20.483461
-11.991986
-16.128696
-12.562327
-17.746772
-14.954690
-18.483274
-15.339790
-14.751174
-20.250877
-18.689826
-17.656503
-18.394084
-21.138938
-22.472444
-11.137723
-14.359354
-21.262582
-22.009994
-16.465078
-20.883775
-15.518030
-17.068233
-21.365018
-19.072639
-19.580478
-20.858945
-21.869632
-17.207551
-18.416942
-21.719369
-23.369188
-18.135633
-19.375530
-22.655071
-19.017435
-20.953098
-17.663667
-21.841171
-23.748771
-20.477983
-20.555944
-14.187561
-16.780210
-19.994724
-20.449003
-18.229784
-14.370594
-23.324272
-18.243843
-11.958892
-15.185955
-18.220790
-14.083705
-16.222198
-11.792941
-19.326227
-20.234771
-18.575954
-19.895484
-20.644781
-20.339895
-16.213232
-22.279516
-15.509175
-20.553527
-23.109281
-19.384552
-23.746854
-18.051839
-18.906957
-19.493907
-11.179600
-23.383890
-12.143361
-18.004135
-21.287881
-22.489765
-19.376155
-16.796371
-25.596588
-18.071443
-16.502061
-18.917957
-15.762439
-22.897453
-19.768995
-18.852699
-19.897357
-13.318626
-23.018030
-21.949567
-19.668809
-21.406618
-20.069128
-18.394596
-15.467582
-12.365409
-20.536462
-15.863857
-18.967325
-16.923654
-16.663738
-17.161777
-17.335193
-22.462755
-20.698352
-20.461469
-19.318927
-13.232193
-19.788602
-22.132936
-18.571004
-15.558170
-20.581197
-22.411201
-25.490894
-15.286185
-27.381996
-14.499080
-24.409961
-22.459726
-26.205226
-17.216718
-18.794208
-16.376651
-13.833910
-16.999935
-17.756158
-20.201818
-16.200237
-21.798852
-17.464965
-14.813699
-19.710271
-17.612424
-14.727350
-15.473147
-13.378355
-13.465641
-18.864576
-26.360635
-18.030780
-16.546854
-10.989711
-13.516704
-16.518913
-21.006767
-16.395578
-19.933193
-19.991592
-18.913150
-17.330949
-19.783193
-19.410865
-23.995492
-21.340480
-20.701576
-17.637846
-20.214601
-21.046018
-16.721033
-23.441335
-20.252956
-14.156981
-14.461098
-20.300127
-19.625747
-12.104111
-19.135189
-14.990830
-13.989285
-15.062477
-20.864952
-27.930206
-17.727161
-16.586269
-15.145615
-18.613510
-11.313991
-14.046517
-15.554788
-16.218858
-13.584975
-14.728482
-13.220010
-18.823158
-12.916225
-16.071041
-14.051322
-19.418342
-13.367444
-21.441150
-16.223716
-23.795757
-23.920234
-19.198549
-19.441165
-22.763280
-20.614418
-21.814245
-15.269710
-25.389743
-12.577783
-18.455806
-18.499027
-19.823505
-18.370409
-19.182302
-22.668674
-17.870628
-14.564930
-16.723558
-21.501598
-20.293962
-15.231486
-16.807979
-17.153938
-17.807674
-15.482021
-26.123458
-20.670532
-19.077901
-18.431364
-17.985563
-19.590612
-22.506477
-13.888747
-20.823940
-16.150506
-21.795438
-12.831937
-17.507875
-21.020900
-21.270071
-17.740011
-20.781282
-21.321395
-24.737085
-19.559854
-17.053644
-18.223243
-16.757995
-19.432348
-17.379863
-19.152683
-23.519134
-24.069713
-20.505981
-21.064064
-15.569797
-16.643188
-11.233424
-14.598116
-19.145071
-16.210016
-8.695179
-20.424854
-17.408592
-18.608711
-17.683771
-17.943822
-15.940963
-21.442516
-21.958786
-17.942434
-19.883485
-19.562505
-19.147367
-16.114143
-15.828734
-20.930612
-18.999645
-20.729047
-22.631122
-23.335912
-22.375972
-11.498467
-19.578342
-21.627477
-15.481405
-16.368021
-17.421230
-15.495315
-14.691495
-18.709014
-19.165258
-15.964773
-18.083543
-17.237550
-17.820299
-15.608798
-22.238088
-15.382952
-15.290221
-16.262372
-15.592222
-19.299049
-19.356357
-17.629285
-24.002662
-17.485631
-21.751281
-19.789995
-22.559612
-24.483425
-16.549730
-21.722667
-17.852272
-19.452135
-18.009677
-17.964576
-16.104574
-20.450782
-16.727396
-18.617185
-19.481788
-18.840829
-20.020441
-14.101886
-13.784627
-25.851455
-18.443431
-23.099895
-16.771982
-17.346210
-23.971271
-20.830635
-17.874603
-17.714584
-18.800327
-22.478582
-19.296262
-22.097589
-15.937843
-16.090354
-19.637855
-21.378812
-20.074907
-18.839845
-18.445508
-21.433012
-16.510070
-21.301517
-16.576067
-21.576910
-14.962620
-17.844179
-16.959743
-16.072643
-15.260677
-20.195703
-19.308746
-15.031759
-15.449089
-18.259246
-17.064685
-22.447168
-13.810930
-17.773620
-15.935831
-16.001924
-14.904378
-15.504717
-15.639960
-15.432286
-16.676700
-13.006527
-19.031911
-17.888605
-14.147044
-17.317991
-22.383785
-15.362154
-16.510633
-20.568689
-13.310044
-14.057722
-20.624139
-24.232936
-21.362848
-15.587660
-12.584587
-13.904706
-14.162077
-13.992546
-11.959139
-11.092676
-12.971189
-22.982288
-20.595100
-23.317140
-19.294113
-23.814928
-16.618352
-20.993495
-19.535797
-15.237559
-18.800457
-18.866775
-15.055932
-22.731836
-18.520462
-15.735134
-18.602230
-18.991054
-18.176450
-15.343638
-18.387935
-17.564260
-24.320270
-14.110345
-19.633886
-17.125112
-19.695436
-18.015514
-17.780559
-20.848341
-17.083885
-15.855037
-16.404050
-16.676252
-18.691717
-13.549048
-16.843942
-14.335556
-15.113507
-17.980793
-15.716136
-16.974260
-18.915872
-17.563646
-15.422493
-18.455368
-15.906479
-13.884441
-16.898723
-13.597062
-21.004470
-16.479501
-16.062156
-16.897380
-13.884147
-15.858156
-18.222867
-7.942409
-11.459013
-17.925296
-14.457645
-16.783315
-17.293586
-19.369821
-14.951068
-16.990398
-13.138329
-12.502438
-7.494517
-16.860231
-14.329111
-16.480281
-20.977722
-16.446834
-15.606799
-19.706562
-15.942772
-17.082092
-16.279422
-9.934886
-13.194383
-13.152876
-9.504973
-14.236265
-18.195587
-12.067889
-16.619377
-15.508464
-14.769639
-21.693584
-29.495636
-17.684757
-17.353160
-18.497999
-11.564824
-18.222063
-20.948793
-11.025511
-19.289110
-13.415939
-21.577917
-21.385313
-17.242311
-22.188737
-16.972875
-13.841786
-20.858665
-18.952903
-13.358078
-22.750133
-21.911396
-20.359386
-15.460897
-17.312236
-24.214389
-18.680715
-19.827949
-20.876958
-23.917758
-14.260128
-18.135297
-17.310512
-15.768693
-18.056138
-21.504592
-20.286336
-15.767107
-15.040018
-15.268239
-14.764614
-16.794225
-17.871532
-23.425554
-24.405735
-20.284051
-15.553455
-18.315837
-18.766199
-20.694606
-18.654180
-18.444299
-20.467771
-22.406137
-19.449808
-19.065586
-14.894049
-18.292217
-18.467439
-19.912477
-22.818317
-20.869266
-19.134408
-22.164073
-15.851043
-16.316934
-17.171363
-14.256998
-22.288562
-18.795208
-24.583229
-16.600564
-18.819181
-26.536111
-14.169924
-22.434118
-21.829151
-19.334817
-16.827198
-16.939607
-20.353967
-23.404317
-21.160720
-18.353569
-19.669103
-22.003299
-18.426099
-21.744693
-17.683252
-13.786565
-18.220504
-13.560392
-13.931832
-16.553377
-24.906301
-19.718471
-20.260438
-11.277552
-16.668973
-15.001011
-16.492355
-21.344194
-20.843532
-16.125034
-18.045852
-15.642714
-15.669512
-13.554768
-11.338102
-17.496463
-11.389250
-11.812879
-11.773070
-21.069742
-16.724563
-14.025550
-16.864812
-17.908723
-14.338305
-24.463859
-10.072859
-13.138978
-14.606609
-16.844278
-16.815105
-13.083037
-13.765856
-15.442070
-17.558738
-12.278045
-15.406464
-14.252932
-17.768531
-17.620868
-21.211929
-15.530970
-17.652767
-17.250864
-18.152441
-16.797800
-16.440994
-22.752204
-17.870122
-17.594785
-16.508279
-18.597402
-16.090517
-23.417182
-18.974601
-22.452831
-17.722358
-18.928613
-22.280174
-22.443254
-10.237553
-18.512306
-17.569210
-14.699977
-17.434036
-18.285690
-14.913822
-14.701769
-20.616933
-14.583626
-20.988203
-19.104124
-18.997942
-18.772752
-21.850648
-18.481019
-19.887643
-20.994142
-12.449835
-18.313758
-15.203433
-21.308233
-18.292602
-14.034012
-20.931312
-18.250143
-23.267120
-21.167900
-20.847145
-16.398689
-17.698625
-24.342151
-13.392295
-20.347700
-17.712713
-16.532823
-18.936132
-15.971570
-19.906452
-18.117826
-12.935710
-22.565980
-16.998838
-17.162046
-15.781600
-19.166162
-20.196191
-18.110433
-19.063171
-18.940742
-17.856918
-15.309958
-18.329160
-19.708086
-20.962266
-17.303178
-15.760859
-17.602087
-12.238935
-14.931633
-15.671999
-13.941524
-11.840646
-18.966352
-18.748851
-26.665731
-20.547960
-22.002222
-19.812664
-23.065061
-17.395261
-18.573839
-24.488124
-22.567232
-14.003956
-22.559892
-19.245119
-16.070974
-16.136085
-21.118104
-22.040958
-16.764434
-16.408899
-16.539468
-19.159366
-13.093759
-20.010345
-18.851226
-19.721384
-14.870913
-21.851179
-15.305696
-17.353578
